[-0.022524, 0.000000, 0.010847],
[-0.025000, 0.000000, -0.000000],
[0., 0.000000, 0.],
[-0.025000, 0.000000, -0.000000],
[-0.022524, 0.000000, -0.010847],
[0., 0.000000, 0.],
[-0.022524, 0.000000, -0.010847],
[-0.015587, 0.000000, -0.019546],
[0., 0.000000, 0.],
[-0.015587, 0.000000, -0.019546],
[-0.005563, 0.000000, -0.024373],
[0., 0.000000, 0.],
[-0.005563, 0.000000, -0.024373],
[0.005563, 0.000000, -0.024373],
[0., 0.000000, 0.],
[0.005563, 0.000000, -0.024373],
[0.015587, 0.000000, -0.019546],
[0., 0.000000, 0.],
[0.015587, 0.000000, -0.019546],
[0.022524, 0.000000, -0.010847],
[0., 0.000000, 0.],
[0.022524, 0.000000, -0.010847],
[0.025000, 0.000000, -0.000000],
[0., 0.000000, 0.],
[0.025000, 0.000000, -0.000000],
[0.022524, 0.000000, 0.010847],
[0., 0.000000, 0.],
[0.022524, 0.000000, 0.010847],
[0.015587, 0.000000, 0.019546],
[0., 0.000000, 0.],
[0.015587, 0.000000, 0.019546],
[0.005563, 0.000000, 0.024373],
[0., 0.000000, 0.],
[0.005563, 0.000000, 0.024373],
[-0.005563, 0.000000, 0.024373],
[0., 0.000000, 0.],
[-0.005563, 0.000000, 0.024373],
[-0.015587, 0.000000, 0.019546],
[0., 0.000000, 0.],
[-0.015587, 0.000000, 0.019546],
[-0.022524, 0.000000, 0.010847],
[0., 0.000000, 0.],
[-0.022524, 0.000000, 0.010847],
[-0.025000, 0.000000, 0.000000],
[0., 0.000000, 0.],
[0.000000, 1.000000, 0.000000],
[-0.025000, 1.000000, 0.000000],
[-0.022524, 1.000000, 0.010847],
[0.000000, 1.000000, 0.000000],
[-0.022524, 1.000000, 0.010847],
[-0.015587, 1.000000, 0.019546],
[0.000000, 1.000000, 0.000000],
[-0.015587, 1.000000, 0.019546],
[-0.005563, 1.000000, 0.024373],
[0.000000, 1.000000, 0.000000],
[-0.005563, 1.000000, 0.024373],
[0.005563, 1.000000, 0.024373],
[0.000000, 1.000000, 0.000000],
[0.005563, 1.000000, 0.024373],
[0.015587, 1.000000, 0.019546],
[0.000000, 1.000000, 0.000000],
[0.015587, 1.000000, 0.019546],
[0.022524, 1.000000, 0.010847],
[0.000000, 1.000000, 0.000000],
[0.022524, 1.000000, 0.010847],
[0.025000, 1.000000, -0.000000],
[0.000000, 1.000000, 0.000000],
[0.025000, 1.000000, -0.000000],
[0.022524, 1.000000, -0.010847],
[0.000000, 1.000000, 0.000000],
[0.022524, 1.000000, -0.010847],
[0.015587, 1.000000, -0.019546],
[0.000000, 1.000000, 0.000000],
[0.015587, 1.000000, -0.019546],
[0.005563, 1.000000, -0.024373],
[0.000000, 1.000000, 0.000000],
[0.005563, 1.000000, -0.024373],
[-0.005563, 1.000000, -0.024373],
[0.000000, 1.000000, 0.000000],
[-0.005563, 1.000000, -0.024373],
[-0.015587, 1.000000, -0.019546],
[0.000000, 1.000000, 0.000000],
[-0.015587, 1.000000, -0.019546],
[-0.022524, 1.000000, -0.010847],
[0.000000, 1.000000, 0.000000],
[-0.022524, 1.000000, -0.010847],
[-0.025000, 1.000000, -0.000000],
[-0.025000, 0.000000, 0.000000],
[-0.025000, 0.071429, 0.000000],
[-0.022524, 0.000000, 0.010847],
[-0.022524, 0.071429, 0.010847],
[-0.015587, 0.000000, 0.019546],
[-0.015587, 0.071429, 0.019546],
[-0.005563, 0.000000, 0.024373],
[-0.005563, 0.071429, 0.024373],
[0.005563, 0.000000, 0.024373],
[0.005563, 0.071429, 0.024373],
[0.015587, 0.000000, 0.019546],
[0.015587, 0.071429, 0.019546],
[0.022524, 0.000000, 0.010847],
[0.022524, 0.071429, 0.010847],
[0.025000, 0.000000, -0.000000],
[0.025000, 0.071429, -0.000000],
[0.022524, 0.000000, -0.010847],
[0.022524, 0.071429, -0.010847],
[0.015587, 0.000000, -0.019546],
[0.015587, 0.071429, -0.019546],
[0.005563, 0.000000, -0.024373],
[0.005563, 0.071429, -0.024373],
[-0.005563, 0.000000, -0.024373],
[-0.005563, 0.071429, -0.024373],
[-0.015587, 0.000000, -0.019546],
[-0.015587, 0.071429, -0.019546],
[-0.022524, 0.000000, -0.010847],
[-0.022524, 0.071429, -0.010847],
[-0.025000, 0.000000, -0.000000],
[-0.025000, 0.071429, -0.000000],
[-0.025000, 0.071429, 0.000000],
[-0.025000, 0.142857, 0.000000],
[-0.022524, 0.071429, 0.010847],
[-0.022524, 0.142857, 0.010847],
[-0.015587, 0.071429, 0.019546],
[-0.015587, 0.142857, 0.019546],
[-0.005563, 0.071429, 0.024373],
[-0.005563, 0.142857, 0.024373],
[0.005563, 0.071429, 0.024373],
[0.005563, 0.142857, 0.024373],
[0.015587, 0.071429, 0.019546],
[0.015587, 0.142857, 0.019546],
[0.022524, 0.071429, 0.010847],
[0.022524, 0.142857, 0.010847],
[0.025000, 0.071429, -0.000000],
[0.025000, 0.142857, -0.000000],
[0.022524, 0.071429, -0.010847],
[0.022524, 0.142857, -0.010847],
[0.015587, 0.071429, -0.019546],
[0.015587, 0.142857, -0.019546],
[0.005563, 0.071429, -0.024373],
[0.005563, 0.142857, -0.024373],
[-0.005563, 0.071429, -0.024373],
[-0.005563, 0.142857, -0.024373],
[-0.015587, 0.071429, -0.019546],
[-0.015587, 0.142857, -0.019546],
[-0.022524, 0.071429, -0.010847],
[-0.022524, 0.142857, -0.010847],
[-0.025000, 0.071429, -0.000000],
[-0.025000, 0.142857, -0.000000],
[-0.025000, 0.142857, 0.000000],
[-0.025000, 0.214286, 0.000000],
[-0.022524, 0.142857, 0.010847],
[-0.022524, 0.214286, 0.010847],
[-0.015587, 0.142857, 0.019546],
[-0.015587, 0.214286, 0.019546],
[-0.005563, 0.142857, 0.024373],
[-0.005563, 0.214286, 0.024373],
[0.005563, 0.142857, 0.024373],
[0.005563, 0.214286, 0.024373],
[0.015587, 0.142857, 0.019546],
[0.015587, 0.214286, 0.019546],
[0.022524, 0.142857, 0.010847],
[0.022524, 0.214286, 0.010847],
[0.025000, 0.142857, -0.000000],
[0.025000, 0.214286, -0.000000],
[0.022524, 0.142857, -0.010847],
[0.022524, 0.214286, -0.010847],
[0.015587, 0.142857, -0.019546],
[0.015587, 0.214286, -0.019546],
[0.005563, 0.142857, -0.024373],
[0.005563, 0.214286, -0.024373],
[-0.005563, 0.142857, -0.024373],
[-0.005563, 0.214286, -0.024373],
[-0.015587, 0.142857, -0.019546],
[-0.015587, 0.214286, -0.019546],
[-0.022524, 0.142857, -0.010847],
[-0.022524, 0.214286, -0.010847],
[-0.025000, 0.142857, -0.000000],
[-0.025000, 0.214286, -0.000000],
[-0.025000, 0.214286, 0.000000],
[-0.025000, 0.285714, 0.000000],
[-0.022524, 0.214286, 0.010847],
[-0.022524, 0.285714, 0.010847],
[-0.015587, 0.214286, 0.019546],
[-0.015587, 0.285714, 0.019546],
[-0.005563, 0.214286, 0.024373],
[-0.005563, 0.285714, 0.024373],
[0.005563, 0.214286, 0.024373],
[0.005563, 0.285714, 0.024373],
[0.015587, 0.214286, 0.019546],
[0.015587, 0.285714, 0.019546],
[0.022524, 0.214286, 0.010847],
[0.022524, 0.285714, 0.010847],
[0.025000, 0.214286, -0.000000],
[0.025000, 0.285714, -0.000000],
[0.022524, 0.214286, -0.010847],
[0.022524, 0.285714, -0.010847],
[0.015587, 0.214286, -0.019546],
[0.015587, 0.285714, -0.019546],
[0.005563, 0.214286, -0.024373],
[0.005563, 0.285714, -0.024373],
[-0.005563, 0.214286, -0.024373],
[-0.005563, 0.285714, -0.024373],
[-0.015587, 0.214286, -0.019546],
[-0.015587, 0.285714, -0.019546],
[-0.022524, 0.214286, -0.010847],
[-0.022524, 0.285714, -0.010847],
[-0.025000, 0.214286, -0.000000],
[-0.025000, 0.285714, -0.000000],
[-0.025000, 0.285714, 0.000000],
[-0.025000, 0.357143, 0.000000],
[-0.022524, 0.285714, 0.010847],
[-0.022524, 0.357143, 0.010847],
[-0.015587, 0.285714, 0.019546],
[-0.015587, 0.357143, 0.019546],
[-0.005563, 0.285714, 0.024373],
[-0.005563, 0.357143, 0.024373],
[0.005563, 0.285714, 0.024373],
[0.005563, 0.357143, 0.024373],
[0.015587, 0.285714, 0.019546],
[0.015587, 0.357143, 0.019546],
[0.022524, 0.285714, 0.010847],
[0.022524, 0.357143, 0.010847],
[0.025000, 0.285714, -0.000000],
[0.025000, 0.357143, -0.000000],
[0.022524, 0.285714, -0.010847],
[0.022524, 0.357143, -0.010847],
[0.015587, 0.285714, -0.019546],
[0.015587, 0.357143, -0.019546],
[0.005563, 0.285714, -0.024373],
[0.005563, 0.357143, -0.024373],
[-0.005563, 0.285714, -0.024373],
[-0.005563, 0.357143, -0.024373],
[-0.015587, 0.285714, -0.019546],
[-0.015587, 0.357143, -0.019546],
[-0.022524, 0.285714, -0.010847],
[-0.022524, 0.357143, -0.010847],
[-0.025000, 0.285714, -0.000000],
[-0.025000, 0.357143, -0.000000],
[-0.025000, 0.357143, 0.000000],
[-0.025000, 0.428571, 0.000000],
[-0.022524, 0.357143, 0.010847],
[-0.022524, 0.428571, 0.010847],
[-0.015587, 0.357143, 0.019546],
[-0.015587, 0.428571, 0.019546],
[-0.005563, 0.357143, 0.024373],
[-0.005563, 0.428571, 0.024373],
[0.005563, 0.357143, 0.024373],
[0.005563, 0.428571, 0.024373],
[0.015587, 0.357143, 0.019546],
[0.015587, 0.428571, 0.019546],
[0.022524, 0.357143, 0.010847],
[0.022524, 0.428571, 0.010847],
[0.025000, 0.357143, -0.000000],
[0.025000, 0.428571, -0.000000],
[0.022524, 0.357143, -0.010847],
[0.022524, 0.428571, -0.010847],
[0.015587, 0.357143, -0.019546],
[0.015587, 0.428571, -0.019546],
[0.005563, 0.357143, -0.024373],
[0.005563, 0.428571, -0.024373],
[-0.005563, 0.357143, -0.024373],
[-0.005563, 0.428571, -0.024373],
[-0.015587, 0.357143, -0.019546],
[-0.015587, 0.428571, -0.019546],
[-0.022524, 0.357143, -0.010847],
[-0.022524, 0.428571, -0.010847],
[-0.025000, 0.357143, -0.000000],
[-0.025000, 0.428571, -0.000000],
[-0.025000, 0.428571, 0.000000],
[-0.025000, 0.500000, 0.000000],
[-0.022524, 0.428571, 0.010847],
[-0.022524, 0.500000, 0.010847],
[-0.015587, 0.428571, 0.019546],
[-0.015587, 0.500000, 0.019546],
[-0.005563, 0.428571, 0.024373],
[-0.005563, 0.500000, 0.024373],
[0.005563, 0.428571, 0.024373],
[0.005563, 0.500000, 0.024373],
[0.015587, 0.428571, 0.019546],
[0.015587, 0.500000, 0.019546],
[0.022524, 0.428571, 0.010847],
[0.022524, 0.500000, 0.010847],
[0.025000, 0.428571, -0.000000],
[0.025000, 0.500000, -0.000000],
[0.022524, 0.428571, -0.010847],
[0.022524, 0.500000, -0.010847],
[0.015587, 0.428571, -0.019546],
[0.015587, 0.500000, -0.019546],
[0.005563, 0.428571, -0.024373],
[0.005563, 0.500000, -0.024373],
[-0.005563, 0.428571, -0.024373],
[-0.005563, 0.500000, -0.024373],
[-0.015587, 0.428571, -0.019546],
[-0.015587, 0.500000, -0.019546],
[-0.022524, 0.428571, -0.010847],
[-0.022524, 0.500000, -0.010847],
[-0.025000, 0.428571, -0.000000],
[-0.025000, 0.500000, -0.000000],
[-0.025000, 0.500000, 0.000000],
[-0.025000, 0.571429, 0.000000],
[-0.022524, 0.500000, 0.010847],
[-0.022524, 0.571429, 0.010847],
[-0.015587, 0.500000, 0.019546],
[-0.015587, 0.571429, 0.019546],
[-0.005563, 0.500000, 0.024373],
[-0.005563, 0.571429, 0.024373],
[0.005563, 0.500000, 0.024373],
[0.005563, 0.571429, 0.024373],
[0.015587, 0.500000, 0.019546],
[0.015587, 0.571429, 0.019546],
[0.022524, 0.500000, 0.010847],
[0.022524, 0.571429, 0.010847],
[0.025000, 0.500000, -0.000000],
[0.025000, 0.571429, -0.000000],
[0.022524, 0.500000, -0.010847],
[0.022524, 0.571429, -0.010847],
[0.015587, 0.500000, -0.019546],
[0.015587, 0.571429, -0.019546],
[0.005563, 0.500000, -0.024373],
[0.005563, 0.571429, -0.024373],
[-0.005563, 0.500000, -0.024373],
[-0.005563, 0.571429, -0.024373],
[-0.015587, 0.500000, -0.019546],
[-0.015587, 0.571429, -0.019546],
[-0.022524, 0.500000, -0.010847],
[-0.022524, 0.571429, -0.010847],
[-0.025000, 0.500000, -0.000000],
[-0.025000, 0.571429, -0.000000],
[-0.025000, 0.571429, 0.000000],
[-0.025000, 0.642857, 0.000000],
[-0.022524, 0.571429, 0.010847],
[-0.022524, 0.642857, 0.010847],
[-0.015587, 0.571429, 0.019546],
[-0.015587, 0.642857, 0.019546],
[-0.005563, 0.571429, 0.024373],
[-0.005563, 0.642857, 0.024373],
[0.005563, 0.571429, 0.024373],
[0.005563, 0.642857, 0.024373],
[0.015587, 0.571429, 0.019546],
[0.015587, 0.642857, 0.019546],
[0.022524, 0.571429, 0.010847],
[0.022524, 0.642857, 0.010847],
[0.025000, 0.571429, -0.000000],
[0.025000, 0.642857, -0.000000],
[0.022524, 0.571429, -0.010847],
[0.022524, 0.642857, -0.010847],
[0.015587, 0.571429, -0.019546],
[0.015587, 0.642857, -0.019546],
[0.005563, 0.571429, -0.024373],
[0.005563, 0.642857, -0.024373],
[-0.005563, 0.571429, -0.024373],
[-0.005563, 0.642857, -0.024373],
[-0.015587, 0.571429, -0.019546],
[-0.015587, 0.642857, -0.019546],
[-0.022524, 0.571429, -0.010847],
[-0.022524, 0.642857, -0.010847],
[-0.025000, 0.571429, -0.000000],
[-0.025000, 0.642857, -0.000000],
[-0.025000, 0.642857, 0.000000],
[-0.025000, 0.714286, 0.000000],
[-0.022524, 0.642857, 0.010847],
[-0.022524, 0.714286, 0.010847],
[-0.015587, 0.642857, 0.019546],
[-0.015587, 0.714286, 0.019546],
[-0.005563, 0.642857, 0.024373],
[-0.005563, 0.714286, 0.024373],
[0.005563, 0.642857, 0.024373],
[0.005563, 0.714286, 0.024373],
[0.015587, 0.642857, 0.019546],
[0.015587, 0.714286, 0.019546],
[0.022524, 0.642857, 0.010847],
[0.022524, 0.714286, 0.010847],
[0.025000, 0.642857, -0.000000],
[0.025000, 0.714286, -0.000000],
[0.022524, 0.642857, -0.010847],
[0.022524, 0.714286, -0.010847],
[0.015587, 0.642857, -0.019546],
[0.015587, 0.714286, -0.019546],
[0.005563, 0.642857, -0.024373],
[0.005563, 0.714286, -0.024373],
[-0.005563, 0.642857, -0.024373],
[-0.005563, 0.714286, -0.024373],
[-0.015587, 0.642857, -0.019546],
[-0.015587, 0.714286, -0.019546],
[-0.022524, 0.642857, -0.010847],
[-0.022524, 0.714286, -0.010847],
[-0.025000, 0.642857, -0.000000],
[-0.025000, 0.714286, -0.000000],
[-0.025000, 0.714286, 0.000000],
[-0.025000, 0.785714, 0.000000],
[-0.022524, 0.714286, 0.010847],
[-0.022524, 0.785714, 0.010847],
[-0.015587, 0.714286, 0.019546],
[-0.015587, 0.785714, 0.019546],
[-0.005563, 0.714286, 0.024373],
[-0.005563, 0.785714, 0.024373],
[0.005563, 0.714286, 0.024373],
[0.005563, 0.785714, 0.024373],
[0.015587, 0.714286, 0.019546],
[0.015587, 0.785714, 0.019546],
[0.022524, 0.714286, 0.010847],
[0.022524, 0.785714, 0.010847],
[0.025000, 0.714286, -0.000000],
[0.025000, 0.785714, -0.000000],
[0.022524, 0.714286, -0.010847],
[0.022524, 0.785714, -0.010847],
[0.015587, 0.714286, -0.019546],
[0.015587, 0.785714, -0.019546],
[0.005563, 0.714286, -0.024373],
[0.005563, 0.785714, -0.024373],
[-0.005563, 0.714286, -0.024373],
[-0.005563, 0.785714, -0.024373],
[-0.015587, 0.714286, -0.019546],
[-0.015587, 0.785714, -0.019546],
[-0.022524, 0.714286, -0.010847],
[-0.022524, 0.785714, -0.010847],
[-0.025000, 0.714286, -0.000000],
[-0.025000, 0.785714, -0.000000],
[-0.025000, 0.785714, 0.000000],
[-0.025000, 0.857143, 0.000000],
[-0.022524, 0.785714, 0.010847],
[-0.022524, 0.857143, 0.010847],
[-0.015587, 0.785714, 0.019546],
[-0.015587, 0.857143, 0.019546],
[-0.005563, 0.785714, 0.024373],
[-0.005563, 0.857143, 0.024373],
[0.005563, 0.785714, 0.024373],
[0.005563, 0.857143, 0.024373],
[0.015587, 0.785714, 0.019546],
[0.015587, 0.857143, 0.019546],
[0.022524, 0.785714, 0.010847],
[0.022524, 0.857143, 0.010847],
[0.025000, 0.785714, -0.000000],
[0.025000, 0.857143, -0.000000],
[0.022524, 0.785714, -0.010847],
[0.022524, 0.857143, -0.010847],
[0.015587, 0.785714, -0.019546],
[0.015587, 0.857143, -0.019546],
[0.005563, 0.785714, -0.024373],
[0.005563, 0.857143, -0.024373],
[-0.005563, 0.785714, -0.024373],
[-0.005563, 0.857143, -0.024373],
[-0.015587, 0.785714, -0.019546],
[-0.015587, 0.857143, -0.019546],
[-0.022524, 0.785714, -0.010847],
[-0.022524, 0.857143, -0.010847],
[-0.025000, 0.785714, -0.000000],
[-0.025000, 0.857143, -0.000000],
[-0.025000, 0.857143, 0.000000],
[-0.025000, 0.928571, 0.000000],
[-0.022524, 0.857143, 0.010847],
[-0.022524, 0.928571, 0.010847],
[-0.015587, 0.857143, 0.019546],
[-0.015587, 0.928571, 0.019546],
[-0.005563, 0.857143, 0.024373],
[-0.005563, 0.928571, 0.024373],
[0.005563, 0.857143, 0.024373],
[0.005563, 0.928571, 0.024373],
[0.015587, 0.857143, 0.019546],
[0.015587, 0.928571, 0.019546],
[0.022524, 0.857143, 0.010847],
[0.022524, 0.928571, 0.010847],
[0.025000, 0.857143, -0.000000],
[0.025000, 0.928571, -0.000000],
[0.022524, 0.857143, -0.010847],
[0.022524, 0.928571, -0.010847],
[0.015587, 0.857143, -0.019546],
[0.015587, 0.928571, -0.019546],
[0.005563, 0.857143, -0.024373],
[0.005563, 0.928571, -0.024373],
[-0.005563, 0.857143, -0.024373],
[-0.005563, 0.928571, -0.024373],
[-0.015587, 0.857143, -0.019546],
[-0.015587, 0.928571, -0.019546],
[-0.022524, 0.857143, -0.010847],
[-0.022524, 0.928571, -0.010847],
[-0.025000, 0.857143, -0.000000],
[-0.025000, 0.928571, -0.000000],
[-0.025000, 0.928571, 0.000000],
[-0.025000, 1.000000, 0.000000],
[-0.022524, 0.928571, 0.010847],
[-0.022524, 1.000000, 0.010847],
[-0.015587, 0.928571, 0.019546],
[-0.015587, 1.000000, 0.019546],
[-0.005563, 0.928571, 0.024373],
[-0.005563, 1.000000, 0.024373],
[0.005563, 0.928571, 0.024373],
[0.005563, 1.000000, 0.024373],
[0.015587, 0.928571, 0.019546],
[0.015587, 1.000000, 0.019546],
[0.022524, 0.928571, 0.010847],
[0.022524, 1.000000, 0.010847],
[0.025000, 0.928571, -0.000000],
[0.025000, 1.000000, -0.000000],
[0.022524, 0.928571, -0.010847],
[0.022524, 1.000000, -0.010847],
[0.015587, 0.928571, -0.019546],
[0.015587, 1.000000, -0.019546],
[0.005563, 0.928571, -0.024373],
[0.005563, 1.000000, -0.024373],
[-0.005563, 0.928571, -0.024373],
[-0.005563, 1.000000, -0.024373],
[-0.015587, 0.928571, -0.019546],
[-0.015587, 1.000000, -0.019546],
[-0.022524, 0.928571, -0.010847],
[-0.022524, 1.000000, -0.010847],
[-0.025000, 0.928571, -0.000000],
[-0.025000, 1.000000, -0.000000],
[-0.000000, -0.040000, 0.001000],
[-0.001000, -0.040000, -0.000000],
[0., -0.040000, 0.],
[-0.001000, -0.040000, -0.000000],
[0.000000, -0.040000, -0.001000],
[0., -0.040000, 0.],
[0.000000, -0.040000, -0.001000],
[0.001000, -0.040000, -0.000000],
[0., -0.040000, 0.],
[0.001000, -0.040000, -0.000000],
[0.000000, -0.040000, 0.001000],
[0., -0.040000, 0.],
[0.000000, -0.040000, 0.001000],
[-0.001000, -0.040000, 0.000000],
[0., -0.040000, 0.],
[0.000000, 0.160000, 0.000000],
[-0.080000, 0.160000, 0.000000],
[0.000000, 0.160000, 0.080000],
[0.000000, 0.160000, 0.000000],
[0.000000, 0.160000, 0.080000],
[0.080000, 0.160000, -0.000000],
[0.000000, 0.160000, 0.000000],
[0.080000, 0.160000, -0.000000],
[0.000000, 0.160000, -0.080000],
[0.000000, 0.160000, 0.000000],
[0.000000, 0.160000, -0.080000],
[-0.080000, 0.160000, -0.000000],
[-0.001000, -0.040000, 0.000000],
[-0.020750, 0.010000, 0.000000],
[0.000000, -0.040000, 0.001000],
[0.000000, 0.010000, 0.020750],
[0.001000, -0.040000, -0.000000],
[0.020750, 0.010000, -0.000000],
[0.000000, -0.040000, -0.001000],
[0.000000, 0.010000, -0.020750],
[-0.001000, -0.040000, -0.000000],
[-0.020750, 0.010000, -0.000000],
[-0.020750, 0.010000, 0.000000],
[-0.040500, 0.060000, 0.000000],
[0.000000, 0.010000, 0.020750],
[0.000000, 0.060000, 0.040500],
[0.020750, 0.010000, -0.000000],
[0.040500, 0.060000, -0.000000],
[0.000000, 0.010000, -0.020750],
[0.000000, 0.060000, -0.040500],
[-0.020750, 0.010000, -0.000000],
[-0.040500, 0.060000, -0.000000],
[-0.040500, 0.060000, 0.000000],
[-0.060250, 0.110000, 0.000000],
[0.000000, 0.060000, 0.040500],
[0.000000, 0.110000, 0.060250],
[0.040500, 0.060000, -0.000000],
[0.060250, 0.110000, -0.000000],
[0.000000, 0.060000, -0.040500],
[0.000000, 0.110000, -0.060250],
[-0.040500, 0.060000, -0.000000],
[-0.060250, 0.110000, -0.000000],
[-0.060250, 0.110000, 0.000000],
[-0.080000, 0.160000, 0.000000],
[0.000000, 0.110000, 0.060250],
[0.000000, 0.160000, 0.080000],
[0.060250, 0.110000, -0.000000],
[0.080000, 0.160000, -0.000000],
[0.000000, 0.110000, -0.060250],
[0.000000, 0.160000, -0.080000],
[-0.060250, 0.110000, -0.000000],
[-0.080000, 0.160000, -0.000000],
